1 0 3
2 0 2
3 0 3
4 0 4
5 0 3
6 0 1
7 0 2
8 6 4
9 10 1
10 19 3
11 27 2
12 35 1
13 36 1
14 43 1
15 48 1
16 52 1
17 56 2
18 62 1
19 67 3
20 67 2
21 74 1
22 79 1
23 84 2
24 86 1
25 89 1
26 90 4
27 93 4
28 95 4
29 98 1
30 102 1
31 104 2
32 113 1
33 117 2
34 126 3
35 128 3
36 132 1
37 135 2
38 142 2
39 145 2
40 153 1
41 158 1
42 167 1
43 169 1
44 174 2
45 178 1
46 186 2
47 188 2
48 197 1
49 199 2
50 202 1
51 203 4
52 212 2
53 216 1
54 219 2
55 221 1
56 228 1
57 229 2
58 238 1
59 239 2
60 239 1
61 248 3
62 253 1
-1
